0.  0
1.  1
2.  2
3.  3
4.  4
5.  10
6.  11
7.  12
8.  13
9.  14
10.  20
11.  21
12.  22
13.  23
14.  24
15.  30
16.  31
17.  32
18.  33
19.  34
20.  40
21.  41
22.  42
23.  43
24.  44
25.  100
26.  101
27.  102
28.  103
29.  104
30.  110
31.  111
32.  112
33.  113
34.  114
35.  120
36.  121
37.  122
38.  123
39.  124
40.  130
41.  131
42.  132
43.  133
44.  134
45.  140
46.  141
47.  142
48.  143
49.  144
50.  200
51.  201
52.  202
53.  203
54.  204
55.  210
56.  211
57.  212
58.  213
59.  214
60.  220
61.  221
62.  222
63.  223
64.  224
65.  230
66.  231
67.  232
68.  233
69.  234
70.  240
71.  241
72.  242
73.  243
74.  244
75.  300
76.  301
77.  302
78.  303
79.  304
80.  310
81.  311
82.  312
83.  313
84.  314
85.  320
86.  321
87.  322
88.  323
89.  324
90.  330
91.  331
92.  332
93.  333
94.  334
95.  340
96.  341
97.  342
98.  343
99.  344
100.  400
101.  401
102.  402
103.  403
104.  404
105.  410
106.  411
107.  412
108.  413
109.  414
110.  420
111.  421
112.  422
113.  423
114.  424
115.  430
116.  431
117.  432
118.  433
119.  434
120.  440
121.  441
122.  442
123.  443
124.  444
125.  1000
126.  1001
127.  1002
128.  1003
129.  1004
130.  1010
131.  1011
132.  1012
133.  1013
134.  1014
135.  1020
136.  1021
137.  1022
138.  1023
139.  1024
140.  1030
141.  1031
142.  1032
143.  1033
144.  1034
145.  1040
146.  1041
147.  1042
148.  1043
149.  1044
150.  1100
151.  1101
152.  1102
153.  1103
154.  1104
155.  1110
156.  1111
157.  1112
158.  1113
159.  1114
160.  1120
161.  1121
162.  1122
163.  1123
164.  1124
165.  1130
166.  1131
167.  1132
168.  1133
169.  1134
170.  1140
171.  1141
172.  1142
173.  1143
174.  1144
175.  1200
176.  1201
177.  1202
178.  1203
179.  1204
180.  1210
181.  1211
182.  1212
183.  1213
184.  1214
185.  1220
186.  1221
187.  1222
188.  1223
189.  1224
190.  1230
191.  1231
192.  1232
193.  1233
194.  1234
195.  1240
196.  1241
197.  1242
198.  1243
199.  1244
200.  1300
201.  1301
202.  1302
203.  1303
204.  1304
205.  1310
206.  1311
207.  1312
208.  1313
209.  1314
210.  1320
211.  1321
212.  1322
213.  1323
214.  1324
215.  1330
216.  1331
217.  1332
218.  1333
219.  1334
220.  1340
221.  1341
222.  1342
223.  1343
224.  1344
225.  1400
226.  1401
227.  1402
228.  1403
229.  1404
230.  1410
231.  1411
232.  1412
233.  1413
234.  1414
235.  1420
236.  1421
237.  1422
238.  1423
239.  1424
240.  1430
241.  1431
242.  1432
243.  1433
244.  1434
245.  1440
246.  1441
247.  1442
248.  1443
249.  1444
250.  2000
251.  2001
252.  2002
253.  2003
254.  2004
255.  2010
256.  2011
257.  2012
258.  2013
259.  2014
260.  2020
261.  2021
262.  2022
263.  2023
264.  2024
265.  2030
266.  2031
267.  2032
268.  2033
269.  2034
270.  2040
271.  2041
272.  2042
273.  2043
274.  2044
275.  2100
276.  2101
277.  2102
278.  2103
279.  2104
280.  2110
281.  2111
282.  2112
283.  2113
284.  2114
285.  2120
286.  2121
287.  2122
288.  2123
289.  2124
290.  2130
291.  2131
292.  2132
293.  2133
294.  2134
295.  2140
296.  2141
297.  2142
298.  2143
299.  2144
300.  2200
301.  2201
302.  2202
303.  2203
304.  2204
305.  2210
306.  2211
307.  2212
308.  2213
309.  2214
310.  2220
311.  2221
312.  2222
313.  2223
314.  2224
315.  2230
316.  2231
317.  2232
318.  2233
319.  2234
320.  2240
321.  2241
322.  2242
323.  2243
324.  2244
325.  2300
326.  2301
327.  2302
328.  2303
329.  2304
330.  2310
331.  2311
332.  2312
333.  2313
334.  2314
335.  2320
336.  2321
337.  2322
338.  2323
339.  2324
340.  2330
341.  2331
342.  2332
343.  2333
344.  2334
345.  2340
346.  2341
347.  2342
348.  2343
349.  2344
350.  2400
351.  2401
352.  2402
353.  2403
354.  2404
355.  2410
356.  2411
357.  2412
358.  2413
359.  2414
360.  2420
361.  2421
362.  2422
363.  2423
364.  2424
365.  2430
366.  2431
367.  2432
368.  2433
369.  2434
370.  2440
371.  2441
372.  2442
373.  2443
374.  2444
375.  3000
376.  3001
377.  3002
378.  3003
379.  3004
380.  3010
381.  3011
382.  3012
383.  3013
384.  3014
385.  3020
386.  3021
387.  3022
388.  3023
389.  3024
390.  3030
391.  3031
392.  3032
393.  3033
394.  3034
395.  3040
396.  3041
397.  3042
398.  3043
399.  3044
400.  3100
401.  3101
402.  3102
403.  3103
404.  3104
405.  3110
406.  3111
407.  3112
408.  3113
409.  3114
410.  3120
411.  3121
412.  3122
413.  3123
414.  3124
415.  3130
416.  3131
417.  3132
418.  3133
419.  3134
420.  3140
421.  3141
422.  3142
423.  3143
424.  3144
425.  3200
426.  3201
427.  3202
428.  3203
429.  3204
430.  3210
431.  3211
432.  3212
433.  3213
434.  3214
435.  3220
436.  3221
437.  3222
438.  3223
439.  3224
440.  3230
441.  3231
442.  3232
443.  3233
444.  3234
445.  3240
446.  3241
447.  3242
448.  3243
449.  3244
450.  3300
451.  3301
452.  3302
453.  3303
454.  3304
455.  3310
456.  3311
457.  3312
458.  3313
459.  3314
460.  3320
461.  3321
462.  3322
463.  3323
464.  3324
465.  3330
466.  3331
467.  3332
468.  3333
469.  3334
470.  3340
471.  3341
472.  3342
473.  3343
474.  3344
475.  3400
476.  3401
477.  3402
478.  3403
479.  3404
480.  3410
481.  3411
482.  3412
483.  3413
484.  3414
485.  3420
486.  3421
487.  3422
488.  3423
489.  3424
490.  3430
491.  3431
492.  3432
493.  3433
494.  3434
495.  3440
496.  3441
497.  3442
498.  3443
499.  3444
500.  4000
501.  4001
502.  4002
503.  4003
504.  4004
505.  4010
506.  4011
507.  4012
508.  4013
509.  4014
510.  4020
511.  4021
512.  4022
513.  4023
514.  4024
515.  4030
516.  4031
517.  4032
518.  4033
519.  4034
520.  4040
521.  4041
522.  4042
523.  4043
524.  4044
525.  4100
526.  4101
527.  4102
528.  4103
529.  4104
530.  4110
531.  4111
532.  4112
533.  4113
534.  4114
535.  4120
536.  4121
537.  4122
538.  4123
539.  4124
540.  4130
541.  4131
542.  4132
543.  4133
544.  4134
545.  4140
546.  4141
547.  4142
548.  4143
549.  4144
550.  4200
551.  4201
552.  4202
553.  4203
554.  4204
555.  4210
556.  4211
557.  4212
558.  4213
559.  4214
560.  4220
561.  4221
562.  4222
563.  4223
564.  4224
565.  4230
566.  4231
567.  4232
568.  4233
569.  4234
570.  4240
571.  4241
572.  4242
573.  4243
574.  4244
575.  4300
576.  4301
577.  4302
578.  4303
579.  4304
580.  4310
581.  4311
582.  4312
583.  4313
584.  4314
585.  4320
586.  4321
587.  4322
588.  4323
589.  4324
590.  4330
591.  4331
592.  4332
593.  4333
594.  4334
595.  4340
596.  4341
597.  4342
598.  4343
599.  4344
600.  4400
601.  4401
602.  4402
603.  4403
604.  4404
605.  4410
606.  4411
607.  4412
608.  4413
609.  4414
610.  4420
611.  4421
612.  4422
613.  4423
614.  4424
615.  4430
616.  4431
617.  4432
618.  4433
619.  4434
620.  4440
621.  4441
622.  4442
623.  4443
624.  4444
